0 0.446484 0.179861 0.000781 0.001389
0 0.287109 0.482639 0.008594 0.037500
0 0.292188 0.488889 0.010937 0.038889
0 0.251953 0.011111 0.011719 0.022222
0 0.219922 0.151389 0.022656 0.041667
0 0.187109 0.193056 0.017969 0.041667
0 0.410937 0.227083 0.012500 0.020833
0 0.416406 0.204167 0.014062 0.038889
0 0.447266 0.194444 0.016406 0.030556
0 0.453516 0.081250 0.027344 0.037500
0 0.537500 0.112500 0.028125 0.044444
0 0.620313 0.292361 0.020312 0.048611
0 0.681250 0.050000 0.014062 0.027778
0 0.662500 0.151389 0.015625 0.027778
0 0.729688 0.170833 0.015625 0.030556
0 0.744531 0.187500 0.014062 0.027778
0 0.775391 0.179167 0.014844 0.036111
0 0.817578 0.085417 0.019531 0.031944
0 0.796875 0.700000 0.007813 0.030556
