0 0.732031 0.150694 0.017188 0.056944
0 0.197266 0.123611 0.011719 0.025000
0 0.196484 0.152778 0.008594 0.036111
0 0.205078 0.167361 0.014844 0.040278
0 0.254297 0.071528 0.021094 0.045833
0 0.153516 0.320833 0.021094 0.027778
0 0.305859 0.551389 0.016406 0.038889
0 0.324609 0.636806 0.016406 0.034722
0 0.397656 0.114583 0.020312 0.040278
0 0.548437 0.186806 0.023438 0.045833
0 0.598437 0.143750 0.018750 0.048611
0 0.653516 0.259028 0.016406 0.040278
0 0.718359 0.076389 0.013281 0.033333
0 0.749219 0.151389 0.014062 0.025000
0 0.759375 0.082639 0.014062 0.037500
0 0.795703 0.059028 0.013281 0.031944
0 0.835547 0.008333 0.008594 0.013889
