0 0.117188 0.415972 0.021875 0.079167
0 0.063281 0.420139 0.028125 0.068056
0 0.185547 0.186806 0.019531 0.054167
0 0.220313 0.144444 0.029687 0.038889
0 0.258984 0.012500 0.016406 0.019444
0 0.298438 0.014583 0.009375 0.026389
0 0.334766 0.260417 0.011719 0.023611
0 0.289453 0.475000 0.016406 0.044444
0 0.414063 0.213889 0.014062 0.050000
0 0.446875 0.195833 0.023438 0.036111
0 0.455078 0.065278 0.025781 0.033333
0 0.622266 0.284722 0.025781 0.033333
0 0.662891 0.136111 0.017969 0.038889
0 0.681250 0.039583 0.010937 0.031944
0 0.817969 0.080556 0.018750 0.036111
0 0.771875 0.166667 0.015625 0.022222
0 0.730078 0.159028 0.010156 0.031944
0 0.742578 0.175694 0.011719 0.023611
0 0.539453 0.100694 0.033594 0.037500
0 0.819531 0.574306 0.017188 0.034722
