0 0.898828 0.800694 0.033594 0.065278
0 0.508594 0.532639 0.018750 0.037500
0 0.389453 0.385417 0.017969 0.031944
0 0.381641 0.397917 0.017969 0.045833
0 0.373047 0.437500 0.022656 0.044444
0 0.233984 0.568056 0.021094 0.047222
0 0.201562 0.097917 0.017188 0.043056
0 0.319531 0.122222 0.020312 0.025000
0 0.334375 0.155556 0.018750 0.041667
0 0.362109 0.256944 0.021094 0.038889
0 0.603906 0.413889 0.014062 0.022222
0 0.603125 0.384722 0.017188 0.025000
0 0.617969 0.316667 0.025000 0.041667
0 0.676953 0.234028 0.022656 0.037500
