0 0.245312 0.013889 0.015625 0.027778
0 0.200391 0.147222 0.022656 0.041667
0 0.235547 0.112500 0.027344 0.044444
0 0.179297 0.299306 0.021094 0.045833
0 0.303516 0.475000 0.019531 0.038889
0 0.410937 0.273611 0.015625 0.030556
0 0.468750 0.204167 0.014062 0.047222
0 0.552734 0.077083 0.032031 0.045833
0 0.632031 0.258333 0.015625 0.033333
0 0.743750 0.145139 0.017188 0.040278
0 0.710156 0.158333 0.017188 0.019444
0 0.697656 0.125000 0.015625 0.030556
0 0.785156 0.282639 0.020312 0.040278
0 0.830859 0.065972 0.014844 0.029167
0 0.787891 0.134028 0.013281 0.031944
