0 0.192578 0.029167 0.030469 0.052778
0 0.234766 0.022222 0.025781 0.036111
0 0.227344 0.204861 0.029687 0.031944
0 0.198828 0.242361 0.017969 0.056944
0 0.295703 0.529167 0.019531 0.044444
0 0.315625 0.210417 0.021875 0.048611
0 0.460156 0.124306 0.032812 0.045833
0 0.440625 0.197222 0.018750 0.041667
0 0.454688 0.218750 0.015625 0.045833
0 0.542578 0.150694 0.032031 0.045833
0 0.608203 0.348611 0.016406 0.047222
0 0.680859 0.079861 0.013281 0.029167
0 0.669531 0.178472 0.015625 0.026389
0 0.741406 0.190972 0.017188 0.026389
0 0.738672 0.218056 0.019531 0.038889
0 0.775000 0.212500 0.014062 0.025000
0 0.820703 0.121528 0.027344 0.034722
0 0.854688 0.043056 0.015625 0.036111
