0 0.408203 0.207639 0.016406 0.048611
0 0.190234 0.169444 0.017969 0.041667
0 0.223828 0.131944 0.022656 0.030556
0 0.305859 0.267361 0.017969 0.023611
0 0.295312 0.473611 0.009375 0.044444
0 0.451172 0.049306 0.017969 0.023611
0 0.451172 0.194444 0.017969 0.044444
0 0.538672 0.096528 0.027344 0.034722
0 0.622656 0.284028 0.029687 0.023611
0 0.666406 0.127083 0.014062 0.029167
0 0.688672 0.038889 0.017969 0.027778
0 0.818750 0.070833 0.017188 0.027778
0 0.733594 0.158333 0.014062 0.036111
0 0.744141 0.168750 0.014844 0.034722
0 0.775781 0.156250 0.015625 0.037500
0 0.962109 0.554167 0.017969 0.030556
