0 0.327734 0.171528 0.021094 0.037500
0 0.203125 0.238889 0.015625 0.050000
0 0.231250 0.206944 0.025000 0.027778
0 0.194922 0.038194 0.025781 0.045833
0 0.301562 0.527083 0.015625 0.037500
0 0.441406 0.213194 0.006250 0.023611
0 0.453516 0.220139 0.014844 0.040278
0 0.460547 0.113194 0.027344 0.037500
0 0.541016 0.148611 0.030469 0.044444
0 0.616797 0.326389 0.017969 0.050000
0 0.668359 0.172917 0.011719 0.029167
0 0.684766 0.072222 0.013281 0.033333
0 0.737500 0.200000 0.012500 0.047222
0 0.748438 0.209722 0.015625 0.036111
0 0.778906 0.200000 0.014062 0.027778
0 0.823438 0.111111 0.023438 0.041667
0 0.871875 0.017361 0.015625 0.029167
