0 0.489062 0.027778 0.028125 0.050000
0 0.367969 0.019444 0.032812 0.033333
0 0.357812 0.290972 0.034375 0.062500
0 0.364844 0.472222 0.026563 0.047222
0 0.195703 0.128472 0.019531 0.029167
0 0.317578 0.149306 0.025781 0.045833
0 0.327734 0.185417 0.021094 0.034722
0 0.382422 0.419444 0.011719 0.038889
0 0.370703 0.414583 0.014844 0.037500
0 0.516406 0.410417 0.015625 0.043056
0 0.218359 0.613889 0.017969 0.036111
0 0.598828 0.415972 0.019531 0.031944
0 0.600391 0.441667 0.013281 0.030556
0 0.651172 0.640972 0.022656 0.043056
0 0.610156 0.342361 0.029687 0.045833
0 0.673828 0.320833 0.027344 0.050000
