0 0.691406 0.106944 0.017188 0.050000
0 0.680078 0.119444 0.014844 0.052778
0 0.196484 0.341667 0.017969 0.033333
0 0.299219 0.478472 0.014062 0.034722
0 0.400000 0.252083 0.018750 0.043056
0 0.448047 0.189583 0.014844 0.048611
0 0.542969 0.081944 0.026563 0.038889
0 0.243750 0.018750 0.014062 0.026389
0 0.195313 0.163194 0.020312 0.040278
0 0.227734 0.127778 0.027344 0.044444
0 0.625781 0.270139 0.012500 0.037500
0 0.735937 0.153472 0.014062 0.043056
0 0.780859 0.141667 0.013281 0.033333
0 0.765625 0.253472 0.018750 0.029167
0 0.821875 0.064583 0.018750 0.031944
