0 0.418750 0.244444 0.025000 0.038889
0 0.315625 0.527778 0.023438 0.075000
0 0.354688 0.028472 0.018750 0.034722
0 0.215234 0.218750 0.016406 0.031944
0 0.221875 0.236111 0.018750 0.036111
0 0.246875 0.189583 0.032812 0.029167
0 0.289844 0.072222 0.023438 0.041667
0 0.112109 0.063194 0.022656 0.026389
0 0.461328 0.187500 0.017969 0.052778
0 0.458984 0.272222 0.017969 0.036111
0 0.483984 0.125000 0.035156 0.036111
0 0.561328 0.145833 0.024219 0.041667
0 0.618750 0.357639 0.023438 0.040278
0 0.701563 0.194444 0.015625 0.030556
0 0.698438 0.082639 0.014062 0.031944
0 0.749609 0.222222 0.017969 0.041667
0 0.778125 0.167361 0.021875 0.048611
0 0.794922 0.232639 0.017969 0.040278
0 0.841016 0.140278 0.025781 0.036111
0 0.862500 0.099306 0.017188 0.040278
0 0.875781 0.058333 0.015625 0.030556
