0 0.828906 0.118750 0.021875 0.040278
0 0.619922 0.384028 0.025781 0.051389
0 0.433984 0.301389 0.025781 0.036111
0 0.370703 0.024306 0.024219 0.045833
0 0.257031 0.223611 0.028125 0.038889
0 0.250000 0.295139 0.017188 0.031944
0 0.238672 0.279861 0.019531 0.040278
0 0.121484 0.123611 0.013281 0.038889
0 0.080469 0.050694 0.018750 0.045833
0 0.099609 0.025694 0.014844 0.023611
0 0.226172 0.086806 0.030469 0.045833
0 0.295703 0.100694 0.019531 0.043056
0 0.323828 0.546528 0.017969 0.031944
0 0.431250 0.122917 0.015625 0.034722
0 0.477734 0.417361 0.010156 0.031944
0 0.483203 0.227083 0.013281 0.037500
0 0.499609 0.165278 0.019531 0.036111
0 0.571484 0.197222 0.025781 0.052778
0 0.702344 0.122222 0.017188 0.041667
0 0.699609 0.228472 0.011719 0.029167
0 0.753906 0.256250 0.017188 0.043056
0 0.789453 0.206944 0.022656 0.041667
0 0.798437 0.252778 0.018750 0.019444
0 0.847266 0.168750 0.016406 0.031944
0 0.878516 0.082639 0.021094 0.034722
