0 0.136328 0.240278 0.013281 0.036111
0 0.194922 0.122917 0.019531 0.045833
0 0.228125 0.090972 0.021875 0.043056
0 0.297266 0.467361 0.014844 0.031944
0 0.440234 0.281250 0.016406 0.031944
0 0.482031 0.184028 0.017188 0.048611
0 0.547266 0.064583 0.030469 0.043056
0 0.629687 0.250000 0.012500 0.030556
0 0.763672 0.231250 0.014844 0.037500
0 0.711719 0.154861 0.017188 0.031944
0 0.697266 0.112500 0.014844 0.025000
0 0.739844 0.130556 0.017188 0.033333
0 0.782812 0.120833 0.014062 0.022222
0 0.825781 0.048611 0.015625 0.041667
