0 0.827734 0.098611 0.024219 0.055556
0 0.301172 0.504861 0.014844 0.043056
0 0.198437 0.215278 0.018750 0.044444
0 0.224219 0.172917 0.018750 0.040278
0 0.336719 0.153472 0.015625 0.048611
0 0.459375 0.090972 0.028125 0.037500
0 0.439063 0.201389 0.014062 0.030556
0 0.450391 0.190278 0.016406 0.038889
0 0.541016 0.122917 0.022656 0.040278
0 0.616016 0.302083 0.014844 0.051389
0 0.672656 0.149306 0.014062 0.029167
0 0.683594 0.056250 0.015625 0.031944
0 0.737109 0.179861 0.013281 0.048611
0 0.749219 0.190278 0.014062 0.044444
0 0.782031 0.188194 0.014062 0.034722
