0 0.596484 0.389583 0.028906 0.029167
0 0.227344 0.586111 0.021875 0.047222
0 0.198828 0.115972 0.017969 0.020833
0 0.359766 0.268750 0.017969 0.043056
0 0.329688 0.171528 0.020312 0.037500
0 0.317969 0.140278 0.017188 0.036111
0 0.611719 0.327083 0.026563 0.040278
0 0.655859 0.259028 0.025781 0.048611
0 0.598828 0.426389 0.019531 0.041667
0 0.506641 0.441667 0.019531 0.041667
0 0.379297 0.396528 0.016406 0.037500
0 0.376563 0.421528 0.015625 0.040278
0 0.364062 0.455556 0.018750 0.041667
0 0.693359 0.747222 0.017969 0.050000
0 0.900391 0.889583 0.021094 0.054167
