0 0.366406 0.022222 0.028125 0.038889
0 0.318359 0.158333 0.025781 0.041667
0 0.640625 0.682639 0.032812 0.037500
0 0.592188 0.425000 0.015625 0.025000
0 0.597656 0.458333 0.012500 0.025000
0 0.608594 0.431250 0.018750 0.031944
0 0.613281 0.358333 0.026563 0.036111
0 0.530859 0.481250 0.019531 0.031944
0 0.366406 0.477778 0.014062 0.022222
0 0.372266 0.433333 0.014844 0.027778
0 0.382031 0.433333 0.014062 0.025000
0 0.219922 0.624306 0.017969 0.040278
0 0.196094 0.146528 0.023438 0.037500
0 0.330469 0.208333 0.023438 0.038889
0 0.358984 0.300000 0.021094 0.036111
0 0.490625 0.028472 0.012500 0.031944
0 0.848437 0.020139 0.015625 0.034722
