0 0.223047 0.021528 0.014844 0.037500
0 0.186328 0.039583 0.019531 0.034722
0 0.196484 0.239583 0.017969 0.045833
0 0.222656 0.203472 0.025000 0.037500
0 0.308984 0.171528 0.016406 0.043056
0 0.296875 0.527083 0.017188 0.040278
0 0.431641 0.208333 0.024219 0.033333
0 0.448047 0.220833 0.011719 0.050000
0 0.458203 0.109722 0.030469 0.036111
0 0.540234 0.145139 0.025781 0.045833
0 0.608594 0.331944 0.020312 0.044444
0 0.665625 0.175000 0.014062 0.030556
0 0.676953 0.076389 0.013281 0.033333
0 0.737109 0.206944 0.027344 0.047222
0 0.773047 0.208333 0.010156 0.036111
0 0.818359 0.115278 0.021094 0.027778
0 0.851953 0.037500 0.014844 0.030556
