0 0.140625 0.120833 0.015625 0.038889
0 0.196094 0.150694 0.020312 0.040278
0 0.220703 0.112500 0.017969 0.055556
0 0.297656 0.504167 0.015625 0.038889
0 0.446094 0.500694 0.017188 0.029167
0 0.513281 0.201389 0.023438 0.055556
0 0.553516 0.040972 0.014844 0.031944
0 0.634766 0.239583 0.014844 0.043056
0 0.702734 0.102083 0.016406 0.034722
0 0.719922 0.180556 0.017969 0.030556
0 0.748047 0.124306 0.014844 0.037500
0 0.765625 0.170833 0.012500 0.025000
0 0.784766 0.101389 0.016406 0.033333
0 0.821484 0.037500 0.019531 0.027778
