0 0.446094 0.042361 0.034375 0.045833
0 0.446094 0.202083 0.020312 0.048611
0 0.286328 0.288889 0.024219 0.036111
0 0.105078 0.411806 0.021094 0.037500
0 0.061719 0.421528 0.025000 0.037500
0 0.181250 0.168750 0.017188 0.037500
0 0.220313 0.138889 0.025000 0.022222
0 0.235547 0.009028 0.010156 0.018056
0 0.396875 0.215278 0.026563 0.038889
0 0.290234 0.485417 0.014844 0.029167
0 0.606250 0.290278 0.012500 0.044444
0 0.534766 0.096528 0.027344 0.034722
0 0.660937 0.127778 0.014062 0.027778
0 0.688672 0.041667 0.021094 0.025000
0 0.725781 0.155556 0.014062 0.036111
0 0.738281 0.177778 0.012500 0.036111
0 0.768359 0.153472 0.013281 0.029167
0 0.809766 0.078472 0.017969 0.029167
