0 0.555859 0.175000 0.019531 0.044444
0 0.192969 0.152083 0.014062 0.031944
0 0.193359 0.186806 0.011719 0.043056
0 0.200391 0.190972 0.010156 0.037500
0 0.158203 0.406944 0.019531 0.041667
0 0.300781 0.559722 0.017188 0.038889
0 0.350391 0.654167 0.021094 0.030556
0 0.125000 0.405556 0.015625 0.036111
0 0.615625 0.194444 0.023438 0.061111
0 0.661719 0.295139 0.021875 0.034722
0 0.838672 0.007639 0.008594 0.012500
0 0.795703 0.053472 0.010156 0.023611
0 0.759766 0.086806 0.011719 0.034722
0 0.719141 0.080556 0.011719 0.022222
0 0.729297 0.145139 0.011719 0.026389
0 0.743750 0.163194 0.009375 0.026389
