0 0.732813 0.128472 0.015625 0.034722
0 0.748047 0.168750 0.014844 0.045833
0 0.183984 0.148611 0.021094 0.022222
0 0.185937 0.177778 0.023438 0.038889
0 0.292578 0.575000 0.021094 0.041667
0 0.358984 0.693750 0.021094 0.029167
0 0.260938 0.026389 0.026563 0.047222
0 0.578125 0.190278 0.020312 0.050000
0 0.631250 0.227083 0.015625 0.037500
0 0.666406 0.291667 0.017188 0.030556
0 0.766406 0.079167 0.010937 0.033333
0 0.800781 0.052083 0.017188 0.023611
0 0.721484 0.072222 0.014844 0.033333
0 0.133203 0.372222 0.013281 0.025000
0 0.165625 0.442361 0.020312 0.029167
