0 0.296875 0.488889 0.017188 0.047222
0 0.190625 0.190278 0.018750 0.036111
0 0.227344 0.152778 0.026563 0.030556
0 0.365625 0.097222 0.014062 0.033333
0 0.457422 0.077083 0.021094 0.029167
0 0.427734 0.201389 0.016406 0.030556
0 0.448828 0.181250 0.013281 0.037500
0 0.539844 0.111111 0.026563 0.036111
0 0.621094 0.294444 0.020312 0.033333
0 0.666797 0.133333 0.016406 0.036111
0 0.678906 0.047917 0.017188 0.037500
0 0.735547 0.167361 0.011719 0.031944
0 0.747266 0.184722 0.013281 0.025000
0 0.777734 0.172222 0.011719 0.027778
0 0.820703 0.082639 0.019531 0.034722
0 0.792188 0.631944 0.014062 0.022222
