0 0.180469 0.174306 0.014062 0.020833
0 0.201562 0.149306 0.015625 0.037500
0 0.221875 0.132639 0.014062 0.037500
0 0.246875 0.013889 0.015625 0.027778
0 0.307422 0.515972 0.011719 0.040278
0 0.426953 0.525000 0.016406 0.027778
0 0.521094 0.206250 0.023438 0.056944
0 0.564453 0.097222 0.017969 0.044444
0 0.639063 0.253472 0.017188 0.034722
0 0.708984 0.099306 0.017969 0.048611
0 0.723047 0.181250 0.019531 0.037500
0 0.752344 0.118056 0.015625 0.036111
0 0.757422 0.167361 0.016406 0.034722
0 0.788672 0.092361 0.014844 0.020833
0 0.826563 0.028472 0.017188 0.031944
