0 0.814062 0.072917 0.018750 0.048611
0 0.290234 0.474306 0.017969 0.045833
0 0.221094 0.354167 0.029687 0.027778
0 0.182422 0.177083 0.021094 0.043056
0 0.217969 0.137500 0.023438 0.041667
0 0.249609 0.021528 0.013281 0.029167
0 0.393359 0.235417 0.014844 0.045833
0 0.442969 0.197222 0.015625 0.036111
0 0.448438 0.015972 0.021875 0.031944
0 0.535156 0.088194 0.026563 0.037500
0 0.617578 0.285417 0.017969 0.045833
0 0.665234 0.117361 0.011719 0.026389
0 0.666797 0.085417 0.014844 0.037500
0 0.727344 0.156250 0.020312 0.043056
0 0.742969 0.184722 0.018750 0.027778
0 0.772266 0.143750 0.013281 0.029167
