0 0.296875 0.484028 0.018750 0.054167
0 0.191406 0.183333 0.017188 0.041667
0 0.224609 0.150694 0.030469 0.040278
0 0.428125 0.181944 0.021875 0.033333
0 0.448047 0.170833 0.013281 0.036111
0 0.355859 0.095139 0.014844 0.037500
0 0.460156 0.074306 0.028125 0.037500
0 0.540625 0.104861 0.028125 0.040278
0 0.615625 0.281944 0.017188 0.033333
0 0.680078 0.040972 0.016406 0.026389
0 0.667969 0.131944 0.018750 0.033333
0 0.735937 0.160417 0.012500 0.037500
0 0.746484 0.170833 0.014844 0.038889
0 0.778516 0.168056 0.010156 0.025000
0 0.823828 0.080556 0.021094 0.038889
0 0.804297 0.717361 0.016406 0.031944
