0 0.330859 0.194444 0.027344 0.041667
0 0.319531 0.152083 0.028125 0.040278
0 0.359375 0.016667 0.021875 0.027778
0 0.491797 0.018056 0.028906 0.033333
0 0.648438 0.280556 0.015625 0.055556
0 0.718750 0.696528 0.025000 0.040278
0 0.613281 0.336111 0.025000 0.033333
0 0.597266 0.436806 0.014844 0.029167
0 0.595703 0.402778 0.021094 0.025000
0 0.536719 0.481944 0.021875 0.038889
0 0.360547 0.275694 0.017969 0.040278
0 0.380859 0.407639 0.013281 0.026389
0 0.375781 0.422917 0.017188 0.031944
0 0.366406 0.461806 0.025000 0.045833
0 0.221094 0.602083 0.020312 0.034722
