0 0.164844 0.016667 0.032812 0.027778
0 0.248047 0.590278 0.019531 0.038889
0 0.392969 0.602778 0.021875 0.036111
0 0.376953 0.461111 0.017969 0.041667
0 0.388281 0.429167 0.014062 0.033333
0 0.392969 0.408333 0.025000 0.036111
0 0.370703 0.277778 0.027344 0.038889
0 0.326172 0.147917 0.027344 0.040278
0 0.339453 0.178472 0.021094 0.031944
0 0.355859 0.034722 0.025781 0.030556
0 0.383203 0.017361 0.017969 0.031944
0 0.551172 0.047222 0.013281 0.030556
0 0.649219 0.299306 0.015625 0.031944
0 0.682422 0.226389 0.025781 0.041667
0 0.621484 0.336111 0.028906 0.030556
0 0.608594 0.422222 0.017188 0.044444
0 0.609766 0.602083 0.019531 0.034722
0 0.889063 0.811806 0.032812 0.059722
