0 0.375000 0.243750 0.020312 0.056944
0 0.211719 0.076389 0.020312 0.027778
0 0.247656 0.549306 0.015625 0.031944
0 0.396875 0.372222 0.020312 0.025000
0 0.394141 0.398611 0.014844 0.030556
0 0.379687 0.418056 0.015625 0.033333
0 0.335156 0.096528 0.026563 0.031944
0 0.343359 0.134028 0.025781 0.043056
0 0.626562 0.297222 0.023438 0.041667
0 0.616016 0.397222 0.021094 0.050000
0 0.560547 0.448611 0.021094 0.033333
0 0.681250 0.216667 0.025000 0.055556
0 0.657031 0.334028 0.010937 0.031944
0 0.901172 0.772222 0.030469 0.069444
