0 0.255469 0.036806 0.017188 0.045833
0 0.204688 0.156944 0.017188 0.019444
0 0.207031 0.134028 0.015625 0.029167
0 0.216406 0.113889 0.009375 0.027778
0 0.172266 0.221528 0.013281 0.023611
0 0.315234 0.535417 0.016406 0.031944
0 0.389062 0.512500 0.018750 0.038889
0 0.409766 0.085417 0.019531 0.068056
0 0.563672 0.137500 0.016406 0.044444
0 0.544922 0.197222 0.028906 0.058333
0 0.654688 0.256944 0.021875 0.041667
0 0.720312 0.085417 0.017188 0.037500
0 0.732813 0.161111 0.017188 0.038889
0 0.758984 0.150694 0.016406 0.029167
0 0.760156 0.101389 0.017188 0.047222
0 0.795313 0.073611 0.014062 0.025000
0 0.836328 0.010417 0.013281 0.015278
