0 0.129297 0.217361 0.014844 0.040278
0 0.194922 0.136111 0.024219 0.044444
0 0.222266 0.110417 0.014844 0.051389
0 0.291406 0.490972 0.012500 0.031944
0 0.461719 0.461806 0.020312 0.043056
0 0.539453 0.213194 0.021094 0.040278
0 0.540625 0.053472 0.015625 0.031944
0 0.627734 0.258333 0.017969 0.036111
0 0.716016 0.170833 0.010156 0.030556
0 0.740234 0.136111 0.011719 0.027778
0 0.782031 0.115278 0.010937 0.025000
0 0.775000 0.188194 0.012500 0.026389
0 0.824219 0.050694 0.014062 0.026389
0 0.696875 0.115278 0.009375 0.025000
