0 0.358203 0.018750 0.035156 0.037500
0 0.366797 0.413194 0.007031 0.048611
0 0.375391 0.413194 0.017969 0.037500
0 0.360156 0.461806 0.015625 0.029167
0 0.216016 0.608333 0.022656 0.033333
0 0.191797 0.126389 0.014844 0.033333
0 0.312891 0.147917 0.021094 0.040278
0 0.324219 0.186111 0.021875 0.033333
0 0.484766 0.015972 0.013281 0.018056
0 0.635547 0.665972 0.019531 0.043056
0 0.591406 0.407639 0.015625 0.029167
0 0.593359 0.439583 0.014844 0.034722
0 0.545703 0.422222 0.017969 0.025000
0 0.622266 0.378472 0.016406 0.054167
0 0.603125 0.343750 0.018750 0.031944
0 0.350391 0.292361 0.035156 0.034722
