0 0.592578 0.392361 0.028906 0.037500
0 0.357031 0.278472 0.031250 0.059722
0 0.312109 0.134722 0.021094 0.033333
0 0.325000 0.169444 0.017188 0.038889
0 0.375391 0.402083 0.017969 0.034722
0 0.369922 0.417361 0.014844 0.034722
0 0.360938 0.453472 0.017188 0.043056
0 0.225000 0.591667 0.020312 0.044444
0 0.190234 0.118750 0.014844 0.037500
0 0.505859 0.456250 0.017969 0.037500
0 0.608594 0.331944 0.028125 0.050000
0 0.654297 0.254167 0.024219 0.041667
0 0.593750 0.427083 0.015625 0.034722
0 0.886719 0.826389 0.020312 0.052778
