0 0.170312 0.427083 0.020312 0.040278
0 0.146484 0.750000 0.027344 0.033333
0 0.255078 0.568056 0.027344 0.044444
0 0.287109 0.718750 0.021094 0.031944
0 0.344531 0.674306 0.017188 0.040278
0 0.354297 0.872917 0.017969 0.029167
0 0.460547 0.715278 0.021094 0.050000
0 0.401172 0.302778 0.014844 0.025000
0 0.445313 0.299306 0.018750 0.037500
0 0.567969 0.664583 0.023438 0.048611
0 0.690234 0.549306 0.013281 0.031944
0 0.701172 0.612500 0.017969 0.030556
0 0.708594 0.281944 0.018750 0.036111
0 0.815234 0.318056 0.019531 0.030556
0 0.379297 0.518750 0.019531 0.031944
