0 0.080469 0.578472 0.020312 0.031944
0 0.068359 0.617361 0.011719 0.034722
0 0.212500 0.682639 0.015625 0.020833
0 0.275781 0.856944 0.014062 0.030556
0 0.345703 0.463194 0.017969 0.029167
0 0.416406 0.352778 0.021875 0.025000
0 0.484375 0.371528 0.015625 0.023611
0 0.546094 0.484722 0.015625 0.025000
0 0.569141 0.572222 0.021094 0.030556
0 0.580469 0.726389 0.021875 0.030556
0 0.639453 0.370833 0.016406 0.027778
0 0.749219 0.447222 0.014062 0.027778
0 0.826172 0.534028 0.013281 0.023611
0 0.915234 0.726389 0.014844 0.016667
