0 0.007813 0.907639 0.014062 0.023611
0 0.052344 0.745139 0.018750 0.029167
0 0.129688 0.565972 0.014062 0.031944
0 0.191797 0.790972 0.024219 0.026389
0 0.303125 0.858333 0.015625 0.027778
0 0.316406 0.905556 0.017188 0.022222
0 0.362891 0.389583 0.014844 0.034722
0 0.422656 0.659722 0.014062 0.027778
0 0.482812 0.387500 0.014062 0.019444
0 0.519922 0.350000 0.013281 0.027778
0 0.568750 0.458333 0.015625 0.019444
0 0.594922 0.530556 0.016406 0.025000
0 0.617188 0.652083 0.018750 0.040278
0 0.748047 0.738194 0.022656 0.029167
0 0.785547 0.354861 0.016406 0.034722
0 0.766016 0.301389 0.017969 0.036111
