0 0.103906 0.430556 0.017188 0.033333
0 0.173438 0.936806 0.017188 0.034722
0 0.194531 0.391667 0.020312 0.044444
0 0.289063 0.654861 0.023438 0.031944
0 0.305469 0.365278 0.015625 0.038889
0 0.457812 0.282639 0.021875 0.040278
0 0.508984 0.349306 0.017969 0.029167
0 0.423047 0.522917 0.019531 0.037500
0 0.408984 0.748611 0.021094 0.033333
0 0.623047 0.650000 0.013281 0.041667
0 0.596484 0.464583 0.021094 0.026389
0 0.714453 0.454167 0.016406 0.041667
0 0.748828 0.763889 0.024219 0.047222
0 0.853906 0.417361 0.023438 0.048611
0 0.917578 0.555556 0.017969 0.047222
