0 0.056250 0.605556 0.021875 0.047222
0 0.156641 0.748611 0.022656 0.030556
0 0.121094 0.878472 0.021875 0.043056
0 0.380859 0.594444 0.038281 0.044444
0 0.434766 0.434722 0.016406 0.030556
0 0.578125 0.880556 0.028125 0.058333
0 0.629687 0.636111 0.018750 0.030556
0 0.622656 0.440972 0.018750 0.026389
0 0.687109 0.392361 0.028906 0.043056
0 0.732813 0.333333 0.018750 0.036111
0 0.712500 0.643750 0.029687 0.056944
0 0.887109 0.422917 0.019531 0.029167
0 0.926562 0.609722 0.021875 0.050000
0 0.583203 0.476389 0.022656 0.036111
