0 0.055078 0.403472 0.021094 0.031944
0 0.123047 0.915278 0.014844 0.022222
0 0.203906 0.483333 0.021875 0.033333
0 0.257422 0.343750 0.017969 0.023611
0 0.416406 0.275000 0.023438 0.025000
0 0.505469 0.284722 0.014062 0.025000
0 0.400781 0.454861 0.014062 0.018056
0 0.319531 0.690972 0.023438 0.037500
0 0.410937 0.738194 0.020312 0.031944
0 0.446094 0.603472 0.015625 0.043056
0 0.560156 0.436111 0.014062 0.033333
0 0.653906 0.433333 0.015625 0.038889
0 0.722266 0.613889 0.017969 0.036111
0 0.813672 0.410417 0.021094 0.043056
0 0.933984 0.525000 0.022656 0.041667
