0 0.019922 0.720833 0.016406 0.047222
0 0.016406 0.869444 0.017188 0.025000
0 0.191016 0.763889 0.030469 0.036111
0 0.182031 0.574306 0.021875 0.048611
0 0.219922 0.413889 0.019531 0.036111
0 0.423047 0.643750 0.016406 0.040278
0 0.306641 0.828472 0.019531 0.043056
0 0.518750 0.802083 0.020312 0.037500
0 0.536328 0.601389 0.014844 0.036111
0 0.491797 0.375000 0.019531 0.027778
0 0.506250 0.280556 0.012500 0.030556
0 0.604297 0.591667 0.024219 0.041667
0 0.626562 0.648611 0.023438 0.036111
0 0.771094 0.277778 0.015625 0.025000
0 0.775391 0.395833 0.014844 0.025000
0 0.802344 0.675000 0.010937 0.027778
