0 0.057031 0.596528 0.026563 0.051389
0 0.113281 0.726389 0.020312 0.047222
0 0.117188 0.852083 0.028125 0.040278
0 0.336328 0.433333 0.019531 0.041667
0 0.387500 0.514583 0.020312 0.040278
0 0.535156 0.977083 0.026563 0.029167
0 0.603125 0.639583 0.025000 0.037500
0 0.571094 0.456944 0.012500 0.036111
0 0.625391 0.350694 0.022656 0.026389
0 0.709375 0.384722 0.025000 0.041667
0 0.736328 0.334028 0.014844 0.026389
0 0.947656 0.521528 0.020312 0.034722
0 0.985156 0.492361 0.015625 0.034722
0 0.768359 0.693056 0.022656 0.041667
