0 0.063672 0.575000 0.017969 0.025000
0 0.265625 0.517361 0.017188 0.029167
0 0.221484 0.616667 0.016406 0.036111
0 0.056641 0.980556 0.019531 0.025000
0 0.253125 0.816667 0.014062 0.027778
0 0.318750 0.827083 0.018750 0.029167
0 0.333203 0.711806 0.016406 0.040278
0 0.398047 0.538194 0.013281 0.020833
0 0.428125 0.605556 0.021875 0.038889
0 0.456250 0.570833 0.018750 0.036111
0 0.507813 0.579861 0.017188 0.023611
0 0.518750 0.682639 0.020312 0.043056
0 0.564844 0.471528 0.017188 0.031944
0 0.689062 0.657639 0.020312 0.043056
0 0.811719 0.691667 0.018750 0.033333
0 0.844141 0.660417 0.019531 0.031944
