0 0.064453 0.609028 0.014844 0.034722
0 0.090234 0.544444 0.014844 0.033333
0 0.194922 0.697917 0.021094 0.023611
0 0.274219 0.841667 0.017188 0.027778
0 0.406641 0.330556 0.017969 0.038889
0 0.434766 0.325000 0.016406 0.027778
0 0.465234 0.361111 0.017969 0.022222
0 0.544531 0.473611 0.015625 0.027778
0 0.537891 0.645139 0.017969 0.029167
0 0.596875 0.564583 0.025000 0.037500
0 0.548047 0.895833 0.014844 0.030556
0 0.599219 0.334722 0.015625 0.030556
0 0.682031 0.396528 0.015625 0.023611
0 0.811328 0.407639 0.016406 0.034722
0 0.839844 0.825694 0.014062 0.031944
