0 0.064844 0.409722 0.020312 0.041667
0 0.131250 0.866667 0.015625 0.033333
0 0.205859 0.620139 0.025781 0.037500
0 0.146484 0.378472 0.016406 0.029167
0 0.206641 0.392361 0.014844 0.020833
0 0.238672 0.348611 0.016406 0.030556
0 0.379297 0.327083 0.019531 0.051389
0 0.402344 0.281944 0.020312 0.036111
0 0.485547 0.383333 0.021094 0.036111
0 0.548047 0.621528 0.014844 0.026389
0 0.585938 0.355556 0.014062 0.033333
0 0.738672 0.325694 0.017969 0.051389
0 0.683594 0.731944 0.021875 0.030556
0 0.886328 0.597917 0.016406 0.043056
0 0.895703 0.499306 0.016406 0.040278
0 0.983203 0.450694 0.011719 0.026389
0 0.985937 0.670833 0.018750 0.027778
